bgdbg1 348 407 2 1 2
bgetam 400 688 9 29 28
bgindy 2671 10116 4 2090 2091
bgprtr 20 34 13 24 22
box1 231 261 8 11 9
ceria3d 3576 824 238 287 238
chemcom 288 720 7 43 44
cplex1 3005 3221 5 6 6
cplex2 224 221 143 221 232
ex72a 197 215 58 68 59
ex73a 193 211 24 28 25
forest6 66 95 65 95 92
galenet 8 8 2 4 5
gosh 3792 10733 9 8 9
gran 2658 2520 1 1 2
greenbea 2504 5405 1 93 94
itest2 9 4 3 2 3
itest6 11 8 3 2 3
klein1 54 54 51 54 55
klein2 477 54 50 54 55
klein3 994 88 84 88 89
mondou2 312 604 34 90 64
pang 361 460 12 36 35
pilot4i 410 1000 1 42 43
qual 323 464 115 233 219
reactor 318 637 1 14 15
refinery 323 464 93 213 203
vol1 323 464 128 252 241
woodinfe 35 89 1 1 2
