25fv47           2644        0       71106234
80bau3b          3616        0       70128525
adlittle           70        0         142589
afiro              18        0          13163
agg               186        0         922872
agg2              288        0        1723971
agg3              676      398        6086986
bandm             421        0        3243480
beaconfd           78        0          89035
blend              93        0         181439
bnl1              802        0        7804294
bnl2             1719        0       23689124
boeing1           374        0        1902706
boeing2           118        0         327280
bore3d            134        0         358586
brandy            225        0        1465684
capri             258        0         444462
cycle             910        0       13166498
czprob           1154        0       13392644
d2q06c          27935    26602     2247367748
d6cube            419        0       25134728
degen2            577        0        5541513
degen3           2364        0       79505576
dfl001          21938        0     2861845048
e226              265        0        1568492
etamacro          560        0        3496723
fffff800         1200      550       10523250
finnis            284        0         609944
fit1d              66        0        1686184
fit1p             494        0       13391536
fit2d             131        0       72934684
fit2p            4663        0      657740846
forplan           184        0        1155441
ganges           1207        0        4941281
gfrd-pnc          547        0        3247915
greenbea         3601        0      156758480
greenbeb         9795     7961      563335939
grow15           1871        0       37338266
grow22          14176        0      402265040
grow7             614        0        8410510
israel            100        0         599654
kb2                51        0          74189
lotfi             260        0        1044569
maros            1133        0       13384653
maros-r7         2597      170      313496340
modszk1           646        0        7108221
nesm             2586        0       56641553
perold           2299     1585       64486376
pilot           20304    17926     4211570007
pilot-ja         2218     1407       83994010
pilot-we         2289        0       65295435
pilot4            686        0       17302807
pilot87         37362    34494    18197512475
pilotnov         1705      452       61602732
recipe             42        0          24238
sc105             100        0         125426
sc205             209        0         552814
sc50a              46        0          35021
sc50b              48        0          34821
scagr25           513        0        2317415
scagr7            168        0         371430
scfxm1            413        0        1836873
scfxm2            888        0        5674504
scfxm3           1335        0       11294180
scorpion          249        0         497284
scrs8             490        0        1952791
scsd1              98        0         499002
scsd6             240        0        1634316
scsd8             654        0        7444397
sctap1            184        0         582154
sctap2            291        0        1181771
sctap3            369        0        1558426
seba              107        0         218688
share1b           169        0         524273
share2b            97        0         188156
shell             492        0        1908984
ship04l           407        0         727430
ship04s           333        0         492229
ship08l           710        0        2785803
ship08s           461        0        1036607
ship12l          1014        0        4514880
ship12s           657        0        1718826
sierra            610        0        1973610
stair             446        0        9482926
standata           55        0          99340
standmps          197        0         404364
stocfor1          114        0         228369
stocfor2         2266        0       21234654
stocfor3        17980        0      708065523
truss           17732        0     1163945417
tuff              199        0         839720
vtp-base           46        0          41935
wood1p            550       21       37326021
woodw            1186        0       39809598
