25fv47 275449 66190 49286
80bau3b 854699 173322 131361
adlittle 12643 3151 2318
afiro 2437 747 585
agg 82165 18630 13639
agg2 135625 26556 19151
agg3 135933 26278 19062
bandm 69362 19144 14512
beaconfd 85804 16265 12076
blend 12959 3231 2354
bnl1 162291 31646 23600
bnl2 421733 83763 62425
boeing1 105058 23660 17917
boeing2 37029 7710 5884
bore3d 40182 9970 7703
brandy 53871 12424 8981
capri 55067 14265 10930
cycle 561276 143855 110394
czprob 361112 64799 47585
d2q06c 921498 219004 164211
d6cube 908912 143761 106793
degen2 106299 21382 16103
degen3 581359 103967 75008
dfl001 1022137 286785 211476
e226 71341 16263 12193
etamacro 69735 15093 11601
fffff800 167548 31116 23639
finnis 80909 18861 14160
fit1d 338101 57554 40803
fit1p 268771 55768 42665
fit2d 3190110 444347 297763
fit2p 1561856 286298 218409
forplan 121203 22565 16112
ganges 206407 36814 25876
gfrd-pnc 97669 20565 16243
greenbea 788961 188546 143636
greenbeb 789412 188660 143717
grow15 175735 37189 25141
grow22 257831 53954 36500
grow7 81910 17954 12062
israel 60832 12520 8918
kb2 7977 2547 1931
lotfi 26528 5320 3952
maros-r7 4082665 843919 525636
maros 247975 54161 40575
modszk1 106676 25777 18742
nesm 473910 94431 66372
perold 181029 43192 32179
pilot-ja 430416 113730 86876
pilot-we 264570 63066 46573
pilot 1171848 260382 194994
pilot4 156899 48086 37019
pilot87 2036444 501718 371696
pilotnov 379747 84271 64904
recipe 21427 4499 3371
sc105 8250 1995 1400
sc205 16092 3738 2661
sc50a 3915 1021 760
sc50b 3455 924 694
scagr25 56185 11452 8764
scagr7 15522 3366 2527
scfxm1 68595 15949 11897
scfxm2 137377 31645 23597
scfxm3 206159 47317 35289
scorpion 45662 10047 7419
scrs8 109327 25830 19104
scsd1 89827 13222 10191
scsd6 161972 23613 17948
scsd8 321133 46825 35641
sctap1 53117 10691 7717
sctap2 206870 39236 28896
sctap3 273710 52024 38562
seba 125448 28568 22057
share1b 30908 7419 5357
share2b 18338 4450 3211
shell 125801 25959 19045
ship04l 196920 39326 27464
ship04s 139701 27689 19776
ship08l 389848 75284 52356
ship08s 227250 45996 32672
ship12l 501819 97233 67948
ship12s 271898 52344 37025
sierra 298457 52249 39690
stair 104512 29523 21769
standata 76271 14144 10738
standmps 92444 17533 12923
stocfor1 13197 2989 2213
stocfor2 254209 52851 38644
stocfor3 2022856 427512 307950
truss 952042 156048 114978
tuff 111763 23615 17905
vtp-base 28928 6386 4703
wood1p 1699144 306835 210149
woodw 869312 141841 106845
bgdbg1 40784 8860 6582
bgetam 73484 15600 12060
bgindy 1940222 313984 232559
bgprtr 2559 656 522
box1 29899 5399 4043
ceria3d 418634 74783 55579
chemcom 63108 11582 8715
cplex1 333152 82752 64097
cplex2 30875 6348 4573
ex72a 22972 4373 3220
ex73a 22523 4287 3156
forest6 7478 1857 1422
galenet 856 301 277
gosh 2434896 433318 328813
gran 605219 127962 95031
greenbea 880662 207282 158917
itest2 775 287 263
itest6 1023 368 324
klein1 15390 3798 2730
klein2 100596 23915 17595
klein3 263004 62353 46309
mondou2 61997 12364 9380
pang 70294 15911 12151
pilot4i 156901 48087 37020
qual 59850 13763 10701
reactor 85874 15691 11332
refinery 57922 13953 10399
vol1 59850 13759 10698
woodinfe 6105 1319 1092
cre-a 469337 98497 72317
cre-b 7035214 953167 662540
cre-c 418250 87498 64638
cre-d 6686312 895101 615651
ken-07 452255 101468 77220
ken-11 2605962 586473 438652
ken-13 5157793 1163054 872559
ken-18 18597718 4202577 3132921
osa-07 4081791 751169 585181
osa-14 8936938 1650841 1287124
osa-30 17036898 3121974 2434651
osa-60 39690761 7457599 5754440
pds-02 562890 118834 87774
pds-06 2191818 464159 333302
pds-10 3741357 810233 577155
pds-20 8099614 1744499 1266657
